DG163a	[9.5, 37.700000000000003, 7.5999999999999996, 27.800000000000001, 44.700000000000003, 7.2999999999999998, 12.5, 16.899999999999999, 14.5, 7.5, 11.800000000000001, 7.7999999999999998, 9.4000000000000004, 22.300000000000001, 19.699999999999999, 31.0, 16.800000000000001, 0.0, 0.0, 3.5]	[8.8000000000000007, 2.8999999999999999, 2.5, 2.3999999999999999, 2.8999999999999999, 1.8, 0.80000000000000004, 6.2000000000000002, 2.7999999999999998, 1.6000000000000001, 1.3999999999999999, 0.29999999999999999, 0.59999999999999998, 1.5, 2.2999999999999998, 1.0, 0.0, 0.0, 0.0, 1.3999999999999999]
DG154a	[21.399999999999999, 34.799999999999997, 9.6999999999999993, 8.8000000000000007, 17.5, 20.600000000000001, 12.800000000000001, 16.199999999999999, 12.199999999999999, 58.200000000000003, 48.0, 64.799999999999997, 63.399999999999999, 11.6, 23.899999999999999, 25.300000000000001, 0.0, 0.0, 0.0, 0.5]	[9.0, 3.0, 1.1000000000000001, 1.1000000000000001, 1.3999999999999999, 1.8999999999999999, 1.6000000000000001, 1.1000000000000001, 0.69999999999999996, 1.3, 2.2999999999999998, 5.2000000000000002, 14.1, 0.0, 0.0, 0.0, 0.0, 0.0, 0.0, 0.29999999999999999]
DG146a	[0.0, 26.399999999999999, 6.4000000000000004, 10.9, 41.899999999999999, 9.5, 15.300000000000001, 17.399999999999999, 11.5, 8.0, 9.9000000000000004, 15.699999999999999, 7.2999999999999998, 14.199999999999999, 8.9000000000000004, 11.699999999999999, 11.199999999999999, 10.6, 10.6, 8.3000000000000007]	[0.0, 4.7999999999999998, 3.2999999999999998, 2.3999999999999999, 4.7999999999999998, 4.0, 2.8999999999999999, 2.5, 1.8, 3.1000000000000001, 4.4000000000000004, 4.0, 5.5, 3.7000000000000002, 1.0, 2.2000000000000002, 1.3999999999999999, 0.0, 0.0, 2.2000000000000002]
DG130a	[32.100000000000001, 10.5, 17.5, 3.8999999999999999, 14.199999999999999, 39.299999999999997, 6.2000000000000002, 15.9, 17.800000000000001, 7.5, 8.5, 11.0, 15.6, 23.800000000000001, 3.2000000000000002, 3.2999999999999998, 8.9000000000000004, 0.0, 0.0, 7.0999999999999996]	[28.199999999999999, 7.7999999999999998, 3.2000000000000002, 2.5, 1.5, 4.2000000000000002, 1.6000000000000001, 0.10000000000000001, 1.8, 0.90000000000000002, 2.1000000000000001, 1.3999999999999999, 2.6000000000000001, 5.4000000000000004, 0.0, 0.0, 0.0, 0.0, 0.0, 0.80000000000000004]
DG161a	[35.399999999999999, 11.0, 15.300000000000001, 6.2999999999999998, 22.899999999999999, 2.6000000000000001, 46.700000000000003, 9.5, 33.200000000000003, 9.4000000000000004, 8.3000000000000007, 17.5, 28.800000000000001, 19.100000000000001, 0.0, 0.0, 0.0, 0.0, 0.0, 5.2999999999999998]	[11.0, 4.2999999999999998, 0.59999999999999998, 1.1000000000000001, 2.2999999999999998, 0.5, 5.2000000000000002, 1.8999999999999999, 4.2000000000000002, 3.5, 2.0, 11.5, 11.1, 0.0, 0.0, 0.0, 0.0, 0.0, 0.0, 2.2999999999999998]
DG152a	[5.0, 25.899999999999999, 5.2999999999999998, 1.3, 59.5, 6.0999999999999996, 68.799999999999997, 52.600000000000001, 7.7000000000000002, 9.0999999999999996, 9.4000000000000004, 11.800000000000001, 16.199999999999999, 65.200000000000003, 0.0, 0.0, 0.0, 0.0, 0.0, 0.69999999999999996]	[5.2000000000000002, 2.2999999999999998, 0.69999999999999996, 1.2, 2.7000000000000002, 0.69999999999999996, 3.3999999999999999, 8.1999999999999993, 6.7000000000000002, 6.9000000000000004, 3.3999999999999999, 2.0, 3.0, 5.7999999999999998, 0.0, 0.0, 0.0, 0.0, 0.0, 0.20000000000000001]
DG165b	[18.0, 54.399999999999999, 6.0999999999999996, 13.6, 6.0999999999999996, 13.699999999999999, 7.5, 27.199999999999999, 20.899999999999999, 20.100000000000001, 13.1, 35.399999999999999, 14.699999999999999, 34.200000000000003, 21.300000000000001, 0.0, 0.0, 0.0, 0.0, 2.7999999999999998]	[5.2999999999999998, 4.0999999999999996, 2.6000000000000001, 2.6000000000000001, 0.5, 2.0, 0.69999999999999996, 1.8, 2.0, 2.1000000000000001, 0.90000000000000002, 4.2999999999999998, 1.8999999999999999, 5.0, 1.0, 0.0, 0.0, 0.0, 0.0, 0.69999999999999996]
DG132a	[6.4000000000000004, 19.899999999999999, 10.0, 47.100000000000001, 39.899999999999999, 6.0, 31.300000000000001, 5.0999999999999996, 4.5999999999999996, 11.699999999999999, 13.4, 14.5, 42.899999999999999, 14.1, 16.0, 0.0, 0.0, 0.0, 0.0, 3.8999999999999999]	[2.2999999999999998, 6.5, 2.7999999999999998, 3.8999999999999999, 2.7000000000000002, 2.0, 3.5, 1.6000000000000001, 1.0, 1.1000000000000001, 1.5, 2.7999999999999998, 10.5, 2.2000000000000002, 1.2, 0.0, 0.0, 0.0, 0.0, 1.3999999999999999]
DG128a	[12.1, 12.5, 8.5999999999999996, 7.7999999999999998, 3.7999999999999998, 6.0, 43.0, 4.5999999999999996, 5.0999999999999996, 16.399999999999999, 10.5, 50.899999999999999, 20.199999999999999, 42.799999999999997, 12.800000000000001, 13.1, 17.300000000000001, 0.0, 0.0, 3.7999999999999998]	[12.300000000000001, 5.0999999999999996, 2.2999999999999998, 2.0, 0.29999999999999999, 0.80000000000000004, 4.5, 0.69999999999999996, 0.69999999999999996, 2.2000000000000002, 1.5, 4.7999999999999998, 3.6000000000000001, 7.5999999999999996, 0.69999999999999996, 1.1000000000000001, 1.1000000000000001, 0.0, 0.0, 1.3999999999999999]
DG122	[24.600000000000001, 9.3000000000000007, 9.5999999999999996, 5.5, 41.100000000000001, 4.9000000000000004, 5.5999999999999996, 4.0999999999999996, 9.6999999999999993, 11.800000000000001, 5.0999999999999996, 15.800000000000001, 6.9000000000000004, 24.600000000000001, 14.6, 14.1, 4.5999999999999996, 0.0, 0.0, 9.6999999999999993]	[20.600000000000001, 7.2999999999999998, 2.7999999999999998, 1.8999999999999999, 5.9000000000000004, 1.7, 2.2999999999999998, 1.8, 2.2999999999999998, 2.7999999999999998, 2.0, 2.1000000000000001, 1.5, 2.2000000000000002, 2.7000000000000002, 3.5, 3.0, 0.0, 0.0, 5.0999999999999996]
N25/A1	[22.100000000000001, 20.300000000000001, 5.0, 2.5, 8.0999999999999996, 9.4000000000000004, 4.7999999999999998, 3.2000000000000002, 3.0, 6.7000000000000002, 4.9000000000000004, 15.9, 31.800000000000001, 26.399999999999999, 15.5, 22.399999999999999, 8.1999999999999993, 7.9000000000000004, 0.0, 9.0999999999999996]	[19.100000000000001, 11.5, 4.2999999999999998, 2.2999999999999998, 0.80000000000000004, 0.69999999999999996, 0.80000000000000004, 0.5, 0.69999999999999996, 1.0, 0.80000000000000004, 0.90000000000000002, 0.80000000000000004, 2.2999999999999998, 2.8999999999999999, 4.5999999999999996, 2.7000000000000002, 4.9000000000000004, 0.0, 4.0999999999999996]
DG137a	[10.9, 25.199999999999999, 27.800000000000001, 3.0, 15.800000000000001, 3.8999999999999999, 62.0, 9.3000000000000007, 1.8, 44.100000000000001, 7.9000000000000004, 57.899999999999999, 69.599999999999994, 68.599999999999994, 0.0, 0.0, 0.0, 0.0, 0.0, 0.29999999999999999]	[7.9000000000000004, 0.29999999999999999, 1.6000000000000001, 0.5, 1.0, 0.59999999999999998, 4.7000000000000002, 1.8999999999999999, 1.6000000000000001, 2.0, 1.1000000000000001, 1.0, 2.2999999999999998, 8.0999999999999996, 0.0, 0.0, 0.0, 0.0, 0.0, 0.10000000000000001]
DG124a	[7.5999999999999996, 10.800000000000001, 1.8999999999999999, 29.399999999999999, 72.0, 46.399999999999999, 4.7000000000000002, 4.9000000000000004, 3.6000000000000001, 7.0999999999999996, 6.0999999999999996, 53.600000000000001, 72.200000000000003, 35.399999999999999, 0.0, 0.0, 0.0, 0.0, 0.0, 0.5]	[4.4000000000000004, 3.7999999999999998, 1.6000000000000001, 1.7, 3.2000000000000002, 4.5, 5.5, 2.2000000000000002, 1.8, 3.2000000000000002, 2.1000000000000001, 9.5, 18.199999999999999, 12.5, 0.0, 0.0, 0.0, 0.0, 0.0, 0.40000000000000002]
DG159	[57.0, 13.4, 6.0999999999999996, 4.0999999999999996, 36.899999999999999, 6.0, 30.600000000000001, 32.899999999999999, 3.8999999999999999, 5.0, 4.7999999999999998, 13.5, 6.2000000000000002, 11.699999999999999, 2.2999999999999998, 4.2000000000000002, 7.0, 0.0, 0.0, 6.5999999999999996]	[17.800000000000001, 8.0, 3.3999999999999999, 4.2999999999999998, 8.9000000000000004, 2.7999999999999998, 5.0, 9.8000000000000007, 3.3999999999999999, 4.2999999999999998, 3.1000000000000001, 3.7000000000000002, 5.0999999999999996, 5.5999999999999996, 1.5, 5.2000000000000002, 5.9000000000000004, 0.0, 0.0, 4.4000000000000004]
DG138a	[16.399999999999999, 7.7000000000000002, 9.5, 23.100000000000001, 24.100000000000001, 17.0, 19.600000000000001, 19.699999999999999, 11.699999999999999, 61.0, 8.5999999999999996, 66.099999999999994, 36.100000000000001, 9.4000000000000004, 25.199999999999999, 0.0, 0.0, 0.0, 0.0, 1.0]	[11.800000000000001, 1.8, 1.8, 5.2000000000000002, 7.0999999999999996, 7.5999999999999996, 10.0, 11.9, 7.7999999999999998, 28.399999999999999, 2.2000000000000002, 6.7999999999999998, 10.800000000000001, 3.2999999999999998, 4.7999999999999998, 0.0, 0.0, 0.0, 0.0, 0.29999999999999999]
N25	[31.699999999999999, 18.399999999999999, 25.100000000000001, 8.3000000000000007, 18.800000000000001, 8.1999999999999993, 40.399999999999999, 32.0, 25.0, 8.3000000000000007, 5.0, 1.6000000000000001, 1.2, 0.0, 0.0, 0.0, 0.0, 0.0, 0.0, 7.7999999999999998]	[20.199999999999999, 4.4000000000000004, 4.2000000000000002, 1.8999999999999999, 3.2000000000000002, 2.1000000000000001, 6.5, 4.7999999999999998, 6.7999999999999998, 4.2999999999999998, 3.0, 3.1000000000000001, 0.0, 0.0, 0.0, 0.0, 0.0, 0.0, 0.0, 4.0999999999999996]
DG133	[35.600000000000001, 4.2999999999999998, 4.0, 14.1, 27.899999999999999, 25.600000000000001, 7.2000000000000002, 9.8000000000000007, 58.100000000000001, 22.0, 9.0, 29.899999999999999, 10.199999999999999, 28.5, 24.699999999999999, 0.0, 0.0, 0.0, 0.0, 2.5]	[5.7999999999999998, 3.2999999999999998, 1.1000000000000001, 1.2, 1.0, 1.2, 1.3, 0.59999999999999998, 3.2000000000000002, 2.6000000000000001, 2.0, 3.7999999999999998, 3.2000000000000002, 4.0, 7.7000000000000002, 0.0, 0.0, 0.0, 0.0, 1.3]
DG160a	[38.0, 6.7999999999999998, 14.6, 2.2999999999999998, 11.4, 28.899999999999999, 5.0999999999999996, 14.5, 52.799999999999997, 12.9, 18.399999999999999, 53.399999999999999, 22.399999999999999, 33.0, 0.0, 0.0, 0.0, 0.0, 0.0, 2.7000000000000002]	[12.1, 5.0999999999999996, 2.2000000000000002, 0.90000000000000002, 0.29999999999999999, 0.5, 0.80000000000000004, 0.5, 2.6000000000000001, 1.0, 1.1000000000000001, 5.7000000000000002, 2.5, 3.6000000000000001, 0.0, 0.0, 0.0, 0.0, 0.0, 1.3999999999999999]
DG115a	[11.699999999999999, 10.699999999999999, 11.1, 13.9, 31.899999999999999, 5.0999999999999996, 3.7999999999999998, 6.2000000000000002, 10.9, 14.6, 23.699999999999999, 56.399999999999999, 42.0, 11.4, 2.7999999999999998, 3.1000000000000001, 5.0, 0.0, 0.0, 4.2999999999999998]	[9.8000000000000007, 7.5999999999999996, 4.2999999999999998, 3.7000000000000002, 1.7, 0.90000000000000002, 1.8, 2.3999999999999999, 1.3999999999999999, 2.3999999999999999, 2.5, 4.5, 7.2000000000000002, 3.8999999999999999, 3.5, 2.2999999999999998, 3.7999999999999998, 0.0, 0.0, 1.8999999999999999]
DG170a	[12.0, 33.899999999999999, 8.0, 4.5, 68.400000000000006, 9.8000000000000007, 30.600000000000001, 29.600000000000001, 18.800000000000001, 23.300000000000001, 10.699999999999999, 28.0, 27.699999999999999, 49.299999999999997, 32.0, 0.0, 0.0, 0.0, 0.0, 0.80000000000000004]	[1.8999999999999999, 2.2000000000000002, 0.5, 0.29999999999999999, 1.8, 1.0, 0.5, 1.3999999999999999, 1.3999999999999999, 3.2000000000000002, 2.2999999999999998, 0.80000000000000004, 2.0, 6.7000000000000002, 3.3999999999999999, 0.0, 0.0, 0.0, 0.0, 0.10000000000000001]
DG155	[9.0999999999999996, 24.800000000000001, 6.2999999999999998, 13.699999999999999, 50.0, 17.300000000000001, 9.0, 13.699999999999999, 15.199999999999999, 9.0999999999999996, 11.0, 18.600000000000001, 50.5, 35.600000000000001, 0.0, 0.0, 0.0, 0.0, 0.0, 3.2000000000000002]	[6.4000000000000004, 1.8, 1.8, 0.90000000000000002, 4.0999999999999996, 1.1000000000000001, 3.3999999999999999, 2.0, 2.3999999999999999, 1.5, 2.2999999999999998, 2.5, 2.2999999999999998, 4.2000000000000002, 0.0, 0.0, 0.0, 0.0, 0.0, 0.69999999999999996]
DG131a	[40.5, 12.300000000000001, 21.0, 11.9, 9.1999999999999993, 8.3000000000000007, 12.1, 14.6, 18.699999999999999, 23.300000000000001, 13.199999999999999, 17.699999999999999, 18.600000000000001, 15.1, 10.6, 0.0, 0.0, 0.0, 0.0, 7.0]	[21.399999999999999, 5.2999999999999998, 4.0, 3.3999999999999999, 1.8999999999999999, 1.6000000000000001, 2.6000000000000001, 2.2999999999999998, 3.2999999999999998, 4.0999999999999996, 2.3999999999999999, 2.0, 3.0, 3.5, 4.0, 0.0, 0.0, 0.0, 0.0, 4.0999999999999996]
DG141	[21.800000000000001, 6.0999999999999996, 8.3000000000000007, 1.1000000000000001, 11.1, 70.5, 8.0, 7.5999999999999996, 14.300000000000001, 31.300000000000001, 53.600000000000001, 48.299999999999997, 76.299999999999997, 0.0, 0.0, 0.0, 0.0, 0.0, 0.0, 0.5]	[10.699999999999999, 2.3999999999999999, 1.1000000000000001, 0.90000000000000002, 3.0, 2.2999999999999998, 1.0, 0.80000000000000004, 0.59999999999999998, 1.0, 1.7, 3.7999999999999998, 4.7000000000000002, 0.0, 0.0, 0.0, 0.0, 0.0, 0.0, 0.20000000000000001]
DG135a	[21.600000000000001, 13.6, 8.9000000000000004, 34.100000000000001, 45.0, 2.5, 20.5, 15.0, 28.899999999999999, 15.4, 14.1, 24.199999999999999, 19.100000000000001, 14.9, 20.800000000000001, 15.6, 10.5, 9.1999999999999993, 17.0, 2.3999999999999999]	[19.300000000000001, 4.0, 1.3999999999999999, 2.6000000000000001, 4.0999999999999996, 0.40000000000000002, 3.7000000000000002, 1.0, 4.2000000000000002, 3.7000000000000002, 3.7999999999999998, 5.5999999999999996, 5.5, 3.7999999999999998, 6.5, 2.1000000000000001, 2.8999999999999999, 0.0, 0.0, 0.80000000000000004]
DG147a	[29.199999999999999, 13.6, 8.8000000000000007, 21.399999999999999, 51.5, 7.2999999999999998, 12.199999999999999, 16.0, 22.0, 12.4, 28.899999999999999, 37.399999999999999, 12.0, 21.199999999999999, 45.5, 43.600000000000001, 0.0, 0.0, 0.0, 1.7]	[7.7000000000000002, 12.199999999999999, 6.4000000000000004, 3.5, 5.5999999999999996, 5.2999999999999998, 3.7000000000000002, 11.800000000000001, 2.2999999999999998, 7.4000000000000004, 39.799999999999997, 5.4000000000000004, 2.0, 4.4000000000000004, 10.300000000000001, 10.9, 0.0, 0.0, 0.0, 1.1000000000000001]
DG168a	[11.4, 12.800000000000001, 3.7999999999999998, 19.300000000000001, 24.899999999999999, 17.899999999999999, 9.0999999999999996, 15.1, 7.2000000000000002, 16.5, 7.5, 62.0, 39.899999999999999, 10.9, 36.899999999999999, 0.0, 0.0, 0.0, 0.0, 2.7000000000000002]	[1.8999999999999999, 2.7000000000000002, 1.5, 0.59999999999999998, 3.1000000000000001, 1.2, 0.10000000000000001, 1.3, 0.59999999999999998, 1.0, 0.29999999999999999, 3.6000000000000001, 2.7999999999999998, 2.2000000000000002, 3.8999999999999999, 0.0, 0.0, 0.0, 0.0, 0.69999999999999996]
DG151a	[12.699999999999999, 13.699999999999999, 5.9000000000000004, 12.300000000000001, 32.299999999999997, 4.2000000000000002, 7.2999999999999998, 9.0999999999999996, 5.7999999999999998, 13.800000000000001, 4.9000000000000004, 41.100000000000001, 51.5, 11.699999999999999, 14.699999999999999, 0.0, 0.0, 0.0, 0.0, 6.4000000000000004]	[9.5999999999999996, 5.5999999999999996, 2.3999999999999999, 1.8, 2.2999999999999998, 0.69999999999999996, 0.80000000000000004, 0.5, 1.1000000000000001, 2.7000000000000002, 0.29999999999999999, 5.0999999999999996, 6.7999999999999998, 0.69999999999999996, 0.20000000000000001, 0.0, 0.0, 0.0, 0.0, 2.2999999999999998]
DG162	[40.100000000000001, 6.7000000000000002, 50.899999999999999, 3.1000000000000001, 18.0, 5.5999999999999996, 8.9000000000000004, 6.5999999999999996, 9.5, 27.800000000000001, 7.7000000000000002, 43.700000000000003, 4.2999999999999998, 10.4, 8.5, 0.0, 0.0, 0.0, 0.0, 5.5]	[14.6, 6.2999999999999998, 3.2000000000000002, 2.5, 0.80000000000000004, 1.2, 2.2000000000000002, 1.8, 2.2000000000000002, 2.8999999999999999, 2.5, 5.9000000000000004, 3.7000000000000002, 3.8999999999999999, 6.9000000000000004, 0.0, 0.0, 0.0, 0.0, 3.1000000000000001]
DG167	[8.0, 30.699999999999999, 6.2999999999999998, 62.200000000000003, 37.899999999999999, 3.8999999999999999, 3.0, 46.100000000000001, 19.300000000000001, 9.6999999999999993, 47.5, 23.899999999999999, 21.0, 21.800000000000001, 11.4, 18.0, 15.9, 18.699999999999999, 23.399999999999999, 1.0]	[3.3999999999999999, 1.3999999999999999, 1.1000000000000001, 2.2999999999999998, 1.5, 1.5, 2.5, 1.1000000000000001, 2.7999999999999998, 8.5999999999999996, 14.0, 1.3, 0.80000000000000004, 2.5, 2.3999999999999999, 2.2999999999999998, 5.7999999999999998, 10.300000000000001, 17.0, 0.40000000000000002]
DG166	[6.7000000000000002, 1.8999999999999999, 12.300000000000001, 9.4000000000000004, 51.5, 49.600000000000001, 7.0999999999999996, 7.5, 2.2999999999999998, 30.899999999999999, 23.399999999999999, 85.5, 19.600000000000001, 20.199999999999999, 19.100000000000001, 27.100000000000001, 0.0, 0.0, 0.0, 0.90000000000000002]	[3.1000000000000001, 2.6000000000000001, 1.2, 1.0, 2.7999999999999998, 1.2, 0.40000000000000002, 0.80000000000000004, 0.90000000000000002, 0.90000000000000002, 3.7999999999999998, 3.2999999999999998, 9.1999999999999993, 0.0, 0.0, 0.0, 0.0, 0.0, 0.0, 0.29999999999999999]
DG164	[9.8000000000000007, 56.0, 23.100000000000001, 11.300000000000001, 25.899999999999999, 10.6, 5.2999999999999998, 8.0999999999999996, 15.4, 11.0, 9.0, 8.5999999999999996, 16.899999999999999, 47.799999999999997, 18.399999999999999, 16.800000000000001, 0.0, 0.0, 0.0, 3.2999999999999998]	[5.0999999999999996, 4.5999999999999996, 3.1000000000000001, 1.6000000000000001, 2.1000000000000001, 0.69999999999999996, 0.69999999999999996, 0.40000000000000002, 1.7, 0.69999999999999996, 0.29999999999999999, 0.69999999999999996, 1.1000000000000001, 4.2000000000000002, 0.29999999999999999, 2.7999999999999998, 0.0, 0.0, 0.0, 0.80000000000000004]
N25/A1anti	[37.200000000000003, 3.6000000000000001, 6.0, 5.5, 30.199999999999999, 5.9000000000000004, 39.200000000000003, 39.799999999999997, 68.200000000000003, 23.399999999999999, 36.100000000000001, 35.0, 27.399999999999999, 29.199999999999999, 38.700000000000003, 0.0, 0.0, 0.0, 0.0, 0.40000000000000002]	[5.2999999999999998, 2.0, 0.90000000000000002, 0.40000000000000002, 1.0, 0.5, 1.3, 2.1000000000000001, 2.1000000000000001, 2.0, 1.3999999999999999, 2.5, 4.4000000000000004, 4.5, 14.1, 0.0, 0.0, 0.0, 0.0, 0.20000000000000001]
DG156-3	[15.199999999999999, 51.5, 11.300000000000001, 9.0, 16.5, 4.7999999999999998, 4.5999999999999996, 7.7999999999999998, 3.8999999999999999, 13.1, 3.2000000000000002, 63.0, 64.5, 38.299999999999997, 0.0, 0.0, 0.0, 0.0, 0.0, 1.6000000000000001]	[4.7000000000000002, 5.0999999999999996, 0.69999999999999996, 0.59999999999999998, 2.0, 2.0, 0.90000000000000002, 1.0, 2.3999999999999999, 1.1000000000000001, 0.5, 1.5, 2.2999999999999998, 5.7000000000000002, 0.0, 0.0, 0.0, 0.0, 0.0, 0.59999999999999998]
DG169a	[13.699999999999999, 7.0999999999999996, 10.6, 7.5999999999999996, 42.299999999999997, 12.300000000000001, 14.4, 25.600000000000001, 6.4000000000000004, 11.6, 6.0999999999999996, 37.700000000000003, 47.799999999999997, 12.300000000000001, 13.6, 8.5, 12.0, 10.199999999999999, 19.199999999999999, 3.0]	[3.1000000000000001, 5.0, 1.2, 0.59999999999999998, 1.8999999999999999, 1.3, 1.1000000000000001, 1.7, 0.80000000000000004, 1.3, 1.2, 6.7999999999999998, 14.4, 0.29999999999999999, 0.69999999999999996, 2.0, 2.2000000000000002, 2.8999999999999999, 5.2999999999999998, 0.29999999999999999]
DG126	[35.5, 12.9, 11.5, 8.9000000000000004, 40.5, 5.5, 16.300000000000001, 14.300000000000001, 9.8000000000000007, 12.0, 3.2999999999999998, 5.5, 66.900000000000006, 20.100000000000001, 11.699999999999999, 0.0, 0.0, 0.0, 0.0, 3.7999999999999998]	[14.699999999999999, 4.0999999999999996, 3.1000000000000001, 3.2000000000000002, 4.2000000000000002, 1.2, 3.5, 2.7999999999999998, 2.2000000000000002, 2.7999999999999998, 1.7, 2.0, 9.8000000000000007, 8.0999999999999996, 6.5, 0.0, 0.0, 0.0, 0.0, 2.8999999999999999]
DG148	[24.5, 5.2000000000000002, 3.8999999999999999, 1.3, 52.299999999999997, 14.1, 76.0, 16.800000000000001, 37.299999999999997, 42.399999999999999, 7.5, 4.0999999999999996, 9.5999999999999996, 9.6999999999999993, 28.199999999999999, 34.899999999999999, 0.0, 0.0, 0.0, 1.0]	[10.6, 2.6000000000000001, 0.80000000000000004, 1.0, 1.7, 1.2, 4.2000000000000002, 2.0, 6.5999999999999996, 9.4000000000000004, 2.2999999999999998, 7.0, 8.4000000000000004, 5.0999999999999996, 2.6000000000000001, 6.2000000000000002, 0.0, 0.0, 0.0, 0.5]
DG121	[25.199999999999999, 9.0, 43.200000000000003, 13.4, 18.399999999999999, 14.199999999999999, 4.9000000000000004, 25.100000000000001, 13.1, 21.899999999999999, 27.300000000000001, 11.300000000000001, 36.0, 4.4000000000000004, 3.3999999999999999, 3.7000000000000002, 0.0, 0.0, 0.0, 4.5999999999999996]	[20.0, 5.2000000000000002, 2.7999999999999998, 3.0, 1.5, 1.6000000000000001, 1.8, 3.5, 2.6000000000000001, 4.2000000000000002, 4.7999999999999998, 3.3999999999999999, 7.5, 3.8999999999999999, 4.5, 6.5, 0.0, 0.0, 0.0, 2.7000000000000002]
DG127	[6.7999999999999998, 5.7999999999999998, 3.0, 6.2999999999999998, 11.199999999999999, 8.3000000000000007, 70.099999999999994, 4.0, 4.5999999999999996, 7.7000000000000002, 6.9000000000000004, 64.299999999999997, 49.5, 0.0, 0.0, 0.0, 0.0, 0.0, 0.0, 2.8999999999999999]	[7.7999999999999998, 5.7999999999999998, 3.0, 2.2000000000000002, 0.69999999999999996, 0.80000000000000004, 3.7999999999999998, 4.7999999999999998, 3.2999999999999998, 2.2000000000000002, 2.0, 3.7999999999999998, 6.2999999999999998, 0.0, 0.0, 0.0, 0.0, 0.0, 0.0, 1.0]
N25anti	[6.2999999999999998, 7.4000000000000004, 10.300000000000001, 3.7000000000000002, 10.4, 26.0, 15.4, 9.0, 5.2999999999999998, 3.2000000000000002, 7.0999999999999996, 41.200000000000003, 75.0, 62.5, 0.0, 0.0, 0.0, 0.0, 0.0, 1.3999999999999999]	[5.4000000000000004, 6.0999999999999996, 1.6000000000000001, 3.2999999999999998, 4.2999999999999998, 8.5999999999999996, 11.300000000000001, 2.7999999999999998, 3.7999999999999998, 2.2000000000000002, 1.3999999999999999, 21.899999999999999, 14.0, 28.199999999999999, 0.0, 0.0, 0.0, 0.0, 0.0, 1.0]
DG149a	[31.399999999999999, 7.9000000000000004, 1.8, 16.800000000000001, 17.600000000000001, 4.4000000000000004, 4.0999999999999996, 15.4, 14.199999999999999, 3.7999999999999998, 6.4000000000000004, 37.299999999999997, 41.600000000000001, 29.199999999999999, 72.799999999999997, 52.799999999999997, 13.800000000000001, 0.0, 0.0, 3.7999999999999998]	[16.300000000000001, 3.3999999999999999, 2.0, 3.0, 1.8, 1.2, 1.6000000000000001, 2.7000000000000002, 2.0, 2.7000000000000002, 3.3999999999999999, 36.700000000000003, 25.899999999999999, 28.899999999999999, 0.0, 0.0, 0.0, 0.0, 0.0, 1.8]
DG142	[25.0, 11.4, 7.2999999999999998, 7.2999999999999998, 25.800000000000001, 20.899999999999999, 36.200000000000003, 9.0, 14.300000000000001, 8.6999999999999993, 35.899999999999999, 63.0, 68.900000000000006, 13.9, 16.899999999999999, 0.0, 0.0, 0.0, 0.0, 1.0]	[7.2999999999999998, 2.1000000000000001, 1.0, 0.90000000000000002, 1.3, 0.69999999999999996, 1.8, 0.29999999999999999, 0.90000000000000002, 1.5, 2.2000000000000002, 0.10000000000000001, 2.2999999999999998, 1.8999999999999999, 0.0, 0.0, 0.0, 0.0, 0.0, 0.29999999999999999]
DG145	[32.299999999999997, 10.0, 16.600000000000001, 4.0, 14.300000000000001, 0.5, 0.80000000000000004, 19.199999999999999, 40.600000000000001, 89.400000000000006, 3.7000000000000002, 14.9, 27.300000000000001, 50.600000000000001, 0.0, 0.0, 0.0, 0.0, 0.0, 0.59999999999999998]	[5.4000000000000004, 2.8999999999999999, 0.20000000000000001, 1.6000000000000001, 1.7, 0.29999999999999999, 0.69999999999999996, 1.7, 2.0, 1.7, 3.2999999999999998, 2.3999999999999999, 4.4000000000000004, 7.5, 0.0, 0.0, 0.0, 0.0, 0.0, 0.20000000000000001]
DG125a	[34.399999999999999, 4.2999999999999998, 3.0, 20.800000000000001, 41.200000000000003, 26.100000000000001, 25.899999999999999, 18.600000000000001, 18.199999999999999, 1.3, 1.5, 35.100000000000001, 38.200000000000003, 55.100000000000001, 15.300000000000001, 0.0, 0.0, 0.0, 0.0, 1.7]	[6.7999999999999998, 2.1000000000000001, 1.0, 2.7000000000000002, 1.7, 1.3, 1.8999999999999999, 1.0, 1.3999999999999999, 1.6000000000000001, 1.7, 4.0999999999999996, 5.0, 9.0999999999999996, 4.5, 0.0, 0.0, 0.0, 0.0, 1.0]
