DG163a	ATTATACACGGTAATCGCTT	3.77513333333	0.835667818109	54	14	116	48	34	14	18	9
DG154a	ATGGTTCATTTTTCCACACT	0.6066	0.151121761063	7	5	287	51	217	101	17	6
DG146a	ATTAAAAAACCTGCTAGGAT	9.26133333333	1.56853760625	154	14	70	33	13	4	20	12
DG130a	ATATAGTGAACAAGGATTAA	8.08433333333	1.39295281885	140	42	73	14	14	1	18	14
DG161a	ATAAAAGTACTCAGTTCAAA	5.62626666667	0.999153579564	81	10	136	32	22	10	15	12
DG152a	ATTACTATGCCCCATATCCT	0.852466666667	0.188096169256	11	5	234	27	144	52	15	6
DG165b	ATCATCTGAAATCATAGTGT	3.47246666667	0.213417046075	48	15	156	47	33	14	16	10
DG132a	ATTCTAGTGAAAATCCCCAT	4.3776	1.23070529372	72	16	96	27	30	12	16	9
N25anti	ATCCGGAATCCTCTTCCCGG	1.08126666667	1.08727390396	22	14	115	64	68	31	15	7
DG128a	ATCCCAGTAAGGAATGATAT	4.1698	0.790568622364	69	4	114	27	30	11	18	12
DG148	ATAATTGTACATTTGAAACT	1.05506666667	0.344821705942	11	7	228	29	135	82	17	10
N25/A1	ATCGAGAGGGACACGGCGAA	8.67986666667	2.93437557848	150	52	56	16	13	2	19	15
DG137a	ATCGCTCTACTAAATGTCTT	0.298666666667	0.0584541605781	6	4	444	99	386	27	15	7
DG124a	ATCGCAACCTCCTAAATGAT	0.493466666667	0.15094381589	9	3	188	52	205	51	15	9
DG159	ATAACTAGGGAAAATAATAT	4.982	1.25572077576	74	14	116	14	26	16	18	14
DG138a	ATCTTCTTCGTAACTGGAGT	1.0576	0.184009564969	15	5	366	62	121	40	16	8
N25	ATAAATTTGAGAGAGGAGTT	5.37146666667	0.31837342156	100	0	100	0	18	5	11	14
DG155	ATTAAAAATCCTTTCCTCTT	3.31953333333	0.693705342507	45	21	110	38	38	2	15	6
DG160a	ATATACTAGCAGCACCAATT	2.6712	0.466444937801	35	3	137	19	50	17	15	10
DG142	ATGATTTCATCTGACTCTAT	1.02573333333	0.226842990243	14	5	340	74	121	5	16	7
DG115a	ATCCCGCTCAAGAGCAACAT	4.11306666667	0.716113684333	71	17	105	47	28	2	18	10
DG170a	ATTACTGCACATTAATGAAT	0.968133333333	0.07525270021	13	2	288	84	118	25	16	10
DG131a	ATAGGTTAAAAGCCAGACAT	5.67866666667	1.27845879436	105	41	125	22	21	9	16	13
DG141	ATACATTATCAACGCATGCT	0.675933333333	0.0840381394897	10	6	267	77	169	65	14	9
DG135a	ATAATGCTGTGAACGCGAGT	2.4958	0.223360575453	39	2	163	10	53	16	20	12
DG147a	ATAATGGTCGGTTACACGAT	1.9224	0.690216043472	31	14	72	17	70	43	19	11
DG168a	ATCACGCAACCGGACTAACT	3.06526666667	0.296269261915	40	8	165	57	38	10	16	10
DG151a	ATCAGGATACAAGAAGGTTT	6.6514	1.53403995602	96	23	99	34	19	9	16	13
DG167	ATTACATCTGCCGCCTTCCT	0.980133333333	0.271597807224	13	8	210	72	151	95	20	5
DG166	ATCTAATCTCTGATAATATT	0.886133333333	0.152177206645	11	3	273	64	142	60	17	8
DG164	ATTAAGAAAAATCTTCTATT	3.607	0.192001736103	51	12	134	50	34	6	17	10
N25/A1anti	ATATCTCTTTCACATTATCC	0.461866666667	0.0349709720896	7	3	458	113	255	52	16	5
DG162	ATGTAAATAAGGTAGGCAAT	4.4392	0.404506217505	70	7	104	19	27	8	16	14
DG169a	ATCCAGACGAACTGGGGAAT	3.62293333333	0.664308067758	47	4	140	56	31	3	20	13
DG122	ATAAAGGAAAACGGTCAGGT	8.2152	1.45575573043	144	31	76	18	14	1	18	15
DG121	ATACACCATAAAGAAACAGT	3.78346666667	0.810682039328	73	31	104	34	33	17	17	13
DG127	ATCCTAGTATATGGAACTGT	3.19893333333	1.06836180305	40	14	104	20	40	16	14	10
DG126	ATAAGCACACGGATACCTTT	2.8364	0.0697752582702	57	13	150	41	40	14	16	10
DG149a	ATAGCGGATGGTAACAGAAT	3.33493333333	0.773667031452	49	9	130	16	38	11	14	14
DG133	ATATCGAATTACTCAGATAT	2.14133333333	0.565216969156	33	6	269	63	58	14	16	10
DG145	ATAACCCTTGACTCCGAAAT	0.611533333333	0.0343419406686	10	4	300	72	202	62	15	9
DG156-3	ATCGCCGATAAATACGTAGT	1.63353333333	0.381809248477	21	7	243	68	76	25	15	11
DG125a	ATATCGTTCCCTTGACCCAT	1.54313333333	0.507282599303	25	3	295	86	76	6	16	6
